1 250 128
5 12 20
250 500 144
450 900 179
500 1000 179
10 1000 179
5 2000 182
1 30001 308
2000 30001 308
45397 990000 525
990000 999999 440
995000 999999 440
99231 999999 525
27900 398233 443
998843 999999 396
999999 1000 525
499999 9999 449
234902 234292 337
324805 586493 470
100000 100002 129
100000 459820 449
109234 230422 386
349092 359283 379
203948 999999 525
700000 780000 504
3888 47810 324
2389 10249 262
192470 219730 386
247012 219379 443
290123 497120 449
35908 342342 443
234234 23535 443
359800 239580 441
980398 948394 458
5784 5798 143
3888 4333 202
5882 5992 187
5992 5039 236
32985 203943 383
98098 387485 443
328402 938402 525
343099 990349 525
43580 435980 449
34850 435980 449
986948 39485 525
228374 998374 525
273 289 105
2 3984 238
3874 598 238
980 39483 324
234 345 144
456 679 145
890 398 179
3480 3248 181
23840 3 282
3942 4938 215
23934 5983 282
3948 209 238
3984 293 238
29084 342 308
348 298 144
1 2 2
3 5 8
2 45 112
3 5 8
38 45 110
3888 2999 238
3994 2983 238
28384 29305 272
3849 5938 236
2904 3 209
23498 3 279
23948 2347 282
2 5000 238
39 3984 238
398 3984 238
30 7080 262
80900 90200 333
3948 3957 145
3939 3939 26
2019 2012 113
2009 2015 95
2018 2022 113
2017 2022 113
3984 2039 238
29384 209 308
2939 3949 238
3939 49324 324
3939 2949 238
39204 39402 200
39402 1 324
40934 2 324
20934 3 279
29348 4 308
100 350 144
350 100 144
350 400 126
400 350 126
680 780 171
780 680 171
1000 2030 182
3040 2030 217
2030 3040 217
2030 1000 182
6739 99999 351
99999 6739 351
20005 50001 324
50001 20005 324
30007 70003 340
70003 30007 340
94028 98420 328
98420 94028 328
103934 298410 443
298410 103934 443
23482 10293 279
3492 3942 238
3942 3492 238
1000 1051 156
1051 1000 156
2393 2040 183
2040 2393 183
183782 10297 383
10297 183782 383
2390 932 183
932 2390 183
100023 100100 235
100100 100023 235
23842 23094 282
20934 29348 308
100023 293482 443
192 982 179
124 168 122
168 124 122
162 165 112
165 162 112
1930 2984 217
998723 990000 440
990000 998723 440
102030 405060 443
405060 102030 443
128 1024 179
1024 128 179
234 256 128
256 234 128
123456 124000 318
124000 123456 318
120349 1 354
1 283 128
1 9000 262
9000 1 262
1 2843 209
2843 1 209
153 19999 279
154 19999 279
155 300 128
15629 19283 279
1 157 122
158 1 122
15992 180293 383
30 456 144
456 30 144
19283 8999 279
123981 293818 443
181818 282828 443
282828 181818 443
2828 4848 238
2929 2929 98
2939 2930 142
2959 283 217
3939 4949 215
5050 3934 215
399 284 144
29384 3948 308
3939 2949 238
3948 2934 238
17698 28737 308
51770 52000 247
52000 51770 247
17979 27979 308
27979 17979 308
19829 18181 274
18182 18283 248
4882 18267 279
1837 18756 279
314 518 144
518 314 144
112 911 179
911 112 179
281632 321628 389
288882 388883 441
12356 67892 340
19292 192929 383
19393 193939 383
519494 619494 452
484849 494950 426
12 8892 262
17 200 125
198990 198990 205
388 999999 525
200 200000 383
